    Volatilità    Tipo Opzione  Numero di Simulazioni  Prezzo Medio                  Intervallo di Confidenza
0          0.1   average_price                    100      3.174636   (2.3919874366503873, 3.957284570982366)
1          0.1  average_strike                    100      3.755977    (2.905899674360373, 4.606053735269038)
2          0.1   average_price                  10000      3.209893  (3.1282520562398615, 3.2915348744149364)
3          0.1  average_strike                  10000      3.306320   (3.222240573143459, 3.3903991375379183)
4          0.1   average_price                 100000      3.229152   (3.203237595173559, 3.2550673471748466)
5          0.1  average_strike                 100000      3.256886    (3.230108888964895, 3.283662887252576)
6          0.2   average_price                    100      4.839016   (3.2284880503371576, 6.449544439170463)
7          0.2  average_strike                    100      7.169446     (5.248627377837937, 9.09026428116317)
8          0.2   average_price                  10000      5.389565   (5.231091666402998, 5.5480390801835835)
9          0.2  average_strike                  10000      5.521827    (5.350943699461199, 5.692711022365442)
10         0.2   average_price                 100000      5.435942   (5.3856755677899235, 5.486208322272252)
11         0.2  average_strike                 100000      5.509313    (5.456330462818468, 5.562295244609824)
12         0.3   average_price                    100      6.114770    (4.134894235898315, 8.094644836638556)
13         0.3  average_strike                    100      7.615054    (4.787659002721147, 10.44244807860946)
14         0.3   average_price                  10000      7.672241    (7.427427445028442, 7.917054878491577)
15         0.3  average_strike                  10000      7.610968   (7.349418635385924, 7.8725164506850485)
16         0.3   average_price                 100000      7.576622    (7.500640600024059, 7.652603567889874)
17         0.3  average_strike                 100000      7.758675    (7.674666388920134, 7.842683806012134)
18         0.4   average_price                    100      9.158643   (6.247993276415791, 12.069293708972786)
19         0.4  average_strike                    100     11.829949    (8.434297117626233, 15.22560160534054)
20         0.4   average_price                  10000      9.862211   (9.534546621887637, 10.189874677020386)
21         0.4  average_strike                  10000      9.844879   (9.478364726703386, 10.211394050458956)
22         0.4   average_price                 100000      9.900800   (9.796110129096537, 10.005489175899374)
23         0.4  average_strike                 100000     10.034945   (9.917169991186693, 10.152720631732727)
24         0.5   average_price                    100     12.504582   (8.354662587739528, 16.654501929847193)
25         0.5  average_strike                    100     11.109583    (7.330886386873832, 14.88827922645497)
26         0.5   average_price                  10000     12.335961  (11.902060089464882, 12.769861207451331)
27         0.5  average_strike                  10000     12.474509   (11.97127630018095, 12.977742494307666)
28         0.5   average_price                 100000     12.126530   (11.990559918808222, 12.26249997710305)
29         0.5  average_strike                 100000     12.191236  (12.035127106853695, 12.347344299698156)